WING AERODYNAMIC COEFFICIENTS, CRUISE (FLAP 0 DEG)
========================================================================

WING GEOMETRY CALCULATIONS
AREA TOTAL = 26513.4440
MAC = 69.246422  YBAR = 87.854088  XMACLE = 63.641028
ASPECT RATIO = 6.095172  SPAN = 402.000  ELEMENTS = 20  DY = 10.05000

ELEM          YE          CE
   1     5.02500    98.16295
   2    15.07500    92.48885
   3    25.12500    86.81474
   4    35.17500    81.14064
   5    45.22500    75.46654
   6    55.27500    73.00040
   7    65.32500    71.00037
   8    75.37500    69.00034
   9    85.42500    67.00032
  10    95.47500    65.00029
  11   105.52500    63.00026
  12   115.57500    61.00023
  13   125.62500    59.00021
  14   135.67500    57.00018
  15   145.72500    55.00015
  16   155.77500    53.00012
  17   165.82500    51.00010
  18   175.87500    49.00007
  19   185.92500    47.00004
  20   195.97500    45.00001

ADDITIVE LIFT DISTRIBUTION
CHECKCL1 = 1.00060966
ELEM          YE      CC(LA1)       C(LA1)
   1     5.02500     91.05577    0.9275982
   2    15.07500     88.11359    0.9526942
   3    25.12500     85.06548    0.9798505
   4    35.17500     81.90981    1.0094794
   5    45.22500     78.64408    1.0421053
   6    55.27500     76.86876    1.0529910
   7    65.32500     75.20828    1.0592660
   8    75.37500     73.42355    1.0641042
   9    85.42500     71.50689    1.0672620
  10    95.47500     69.44848    1.0684334
  11   105.52500     67.23572    1.0672292
  12   115.57500     64.85227    1.0631479
  13   125.62500     62.27652    1.0555306
  14   135.67500     59.47915    1.0434906
  15   145.72500     56.41886    1.0257947
  16   155.77500     53.03448    1.0006483
  17   165.82500     49.22851    0.9652632
  18   175.87500     44.82711    0.9148376
  19   185.92500     39.45386    0.8394431
  20   195.97500     31.82982    0.7073290

BASIC LIFT DISTRIBUTION
AWO = 3.9881467
ELEM     REF ANGLE           AO        CC1B         C1B
   1       4.95429      0.96614      5.09762     0.05193
   2       4.86287      0.87472      4.34847     0.04702
   3       4.77144      0.78330      3.65509     0.04210
   4       4.68002      0.69187      3.01748     0.03719
   5       4.58860      0.60045      2.43563     0.03227
   6       4.50026      0.51212      2.00943     0.02753
   7       4.41238      0.42423      1.61897     0.02280
   8       4.32449      0.33634      1.24742     0.01808
   9       4.23660      0.24846      0.89476     0.01335
  10       4.14872      0.16057      0.56099     0.00863
  11       4.06083      0.07268      0.24612     0.00391
  12       3.88193     -0.10622     -0.34827    -0.00571
  13       3.64876     -0.33939     -1.07628    -0.01824
  14       3.41559     -0.57255     -1.75417    -0.03077
  15       3.18242     -0.80572     -2.38192    -0.04331
  16       2.94926     -1.03889     -2.95955    -0.05584
  17       2.71609     -1.27206     -3.48704    -0.06837
  18       2.48292     -1.50523     -3.96440    -0.08091
  19       2.24975     -1.73839     -4.39162    -0.09344
  20       2.01658     -1.97156     -4.76872    -0.10597
BCHECK = -7.8254066e-17

STALL CALCULATIONS
WING STALL CL = 1.4100000
ELEM          YE   ELEMENT CLMAX    CL AT STALL
   1     5.02500        1.558055       1.359844
   2    15.07500        1.548480       1.390315
   3    25.12500        1.538904       1.423691
   4    35.17500        1.529329       1.460554
   5    45.22500        1.519753       1.501643
   6    55.27500        1.516435       1.512244
   7    65.32500        1.514025       1.516367
   8    75.37500        1.511616       1.518465
   9    85.42500        1.509206       1.518194
  10    95.47500        1.506797       1.515122
  11   105.52500        1.504387       1.508700
  12   115.57500        1.500203       1.493329
  13   125.62500        1.494960       1.470056
  14   135.67500        1.489718       1.440547
  15   145.72500        1.484475       1.403063
  16   155.77500        1.479232       1.355074
  17   165.82500        1.473990       1.292648
  18   175.87500        1.468747       1.209015
  19   185.92500        1.463505       1.090176
  20   195.97500        1.458262       0.891362

WING AERO COEFFICIENT DISTRIBUTIONS
METHOD = AIRLOADS.BAS
TAU = 0.05000000
GC = 1.00000000  SBA = 3.63070 DEG
SPANWISE DISTRIBUTIONS FOR CL = 1.410860
ELEM          CL         CDI         CPD          CD          CM
   1    1.359844    0.139139    0.010000    0.149139   -0.030000
   2    1.390315    0.133161    0.010000    0.143161   -0.030000
   3    1.423691    0.126372    0.010000    0.136372   -0.030000
   4    1.460554    0.118573    0.010000    0.128573   -0.030000
   5    1.501643    0.109496    0.010000    0.119496   -0.030000
   6    1.512244    0.105336    0.010000    0.115336   -0.030000
   7    1.516367    0.102282    0.010000    0.112282   -0.030000
   8    1.518465    0.099577    0.010000    0.109577   -0.030000
   9    1.518194    0.097298    0.010000    0.107298   -0.030000
  10    1.515122    0.095533    0.010000    0.105533   -0.030000
  11    1.508700    0.094387    0.010000    0.104387   -0.030000
  12    1.493329    0.092489    0.010000    0.102489   -0.030000
  13    1.470056    0.090620    0.010000    0.100620   -0.030000
  14    1.440547    0.089840    0.010000    0.099840   -0.030000
  15    1.403063    0.090331    0.010000    0.100331   -0.030000
  16    1.355074    0.092284    0.010000    0.102284   -0.030000
  17    1.292648    0.095873    0.010000    0.105873   -0.030000
  18    1.209015    0.101165    0.010000    0.111165   -0.030000
  19    1.090176    0.107818    0.010000    0.117818   -0.030000
  20    0.891362    0.113298    0.010000    0.123298   -0.030000
ALPHA = 17.5465082
ANRW2WL = 13.5583615
CL(WING) = 1.4108596
CD(WING) = 0.1171266
CM(WING) = -0.0300000

AIRPLANE LESS TAIL AERO COEFFICIENTS
ANGLE(RW TO WL)  CL(WING)  CD(WING)  CD(F+T)  CD(A/P)  CM(WING)  CM(FUS)  CM(W+F)
      -12.69918  -0.70043   0.03666  0.01658  0.05324  -0.03000 -0.03975  -0.06975
      -11.45475  -0.60037   0.02968  0.01658  0.04625  -0.03000 -0.03461  -0.06461
      -10.21031  -0.50030   0.02377  0.01658  0.04035  -0.03000 -0.02947  -0.05947
       -8.96588  -0.40024   0.01893  0.01658  0.03551  -0.03000 -0.02434  -0.05434
       -7.72145  -0.30018   0.01517  0.01658  0.03175  -0.03000 -0.01920  -0.04920
       -6.47701  -0.20012   0.01249  0.01658  0.02907  -0.03000 -0.01406  -0.04406
       -5.23258  -0.10006   0.01088  0.01658  0.02745  -0.03000 -0.00893  -0.03893
       -3.98815  -0.00000   0.01034  0.01658  0.02692  -0.03000 -0.00379  -0.03379
       -2.74371   0.10006   0.01088  0.01658  0.02745  -0.03000  0.00135  -0.02865
       -1.49928   0.20012   0.01249  0.01658  0.02907  -0.03000  0.00648  -0.02352
       -0.25485   0.30018   0.01517  0.01658  0.03175  -0.03000  0.01162  -0.01838
        0.98959   0.40024   0.01893  0.01658  0.03551  -0.03000  0.01676  -0.01324
        2.23402   0.50030   0.02377  0.01658  0.04035  -0.03000  0.02189  -0.00811
        3.47845   0.60037   0.02968  0.01658  0.04625  -0.03000  0.02703  -0.00297
        4.72289   0.70043   0.03666  0.01658  0.05324  -0.03000  0.03217   0.00217
        5.96732   0.80049   0.04472  0.01658  0.06129  -0.03000  0.03730   0.00730
        7.21175   0.90055   0.05385  0.01658  0.07042  -0.03000  0.04244   0.01244
        8.45619   1.00061   0.06405  0.01658  0.08063  -0.03000  0.04758   0.01758
        9.70062   1.10067   0.07533  0.01658  0.09191  -0.03000  0.05271   0.02271
       10.94505   1.20073   0.08769  0.01658  0.10426  -0.03000  0.05785   0.02785
       12.18948   1.30079   0.10111  0.01658  0.11769  -0.03000  0.06299   0.03299
       13.43392   1.40085   0.11562  0.01658  0.13219  -0.03000  0.06812   0.03812
       14.67835   1.50091   0.13119  0.01658  0.14777  -0.03000  0.07326   0.04326

EQUATIONS FOR AERO COEFFICIENTS FOR AIRPLANE LESS TAIL
CL=+0.320479+0.080358*ANGLE(RW TO WL)
CD=+0.026917+0.000000*CL+0.053647*CL^2-0.000000*CL^3+0.000000*CL^4
CM=-0.017327+0.004128*ANGLE(RW TO WL)



WING AERODYNAMIC COEFFICIENTS, LANDING (FLAP 40 DEG)
========================================================================

WING GEOMETRY CALCULATIONS
AREA TOTAL = 26513.4440
MAC = 69.246422  YBAR = 87.854088  XMACLE = 63.641028
ASPECT RATIO = 6.095172  SPAN = 402.000  ELEMENTS = 20  DY = 10.05000

ELEM          YE          CE
   1     5.02500    98.16295
   2    15.07500    92.48885
   3    25.12500    86.81474
   4    35.17500    81.14064
   5    45.22500    75.46654
   6    55.27500    73.00040
   7    65.32500    71.00037
   8    75.37500    69.00034
   9    85.42500    67.00032
  10    95.47500    65.00029
  11   105.52500    63.00026
  12   115.57500    61.00023
  13   125.62500    59.00021
  14   135.67500    57.00018
  15   145.72500    55.00015
  16   155.77500    53.00012
  17   165.82500    51.00010
  18   175.87500    49.00007
  19   185.92500    47.00004
  20   195.97500    45.00001

ADDITIVE LIFT DISTRIBUTION
CHECKCL1 = 1.00060966
ELEM          YE      CC(LA1)       C(LA1)
   1     5.02500     91.05577    0.9275982
   2    15.07500     88.11359    0.9526942
   3    25.12500     85.06548    0.9798505
   4    35.17500     81.90981    1.0094794
   5    45.22500     78.64408    1.0421053
   6    55.27500     76.86876    1.0529910
   7    65.32500     75.20828    1.0592660
   8    75.37500     73.42355    1.0641042
   9    85.42500     71.50689    1.0672620
  10    95.47500     69.44848    1.0684334
  11   105.52500     67.23572    1.0672292
  12   115.57500     64.85227    1.0631479
  13   125.62500     62.27652    1.0555306
  14   135.67500     59.47915    1.0434906
  15   145.72500     56.41886    1.0257947
  16   155.77500     53.03448    1.0006483
  17   165.82500     49.22851    0.9652632
  18   175.87500     44.82711    0.9148376
  19   185.92500     39.45386    0.8394431
  20   195.97500     31.82982    0.7073290

BASIC LIFT DISTRIBUTION
AWO = 13.5638902
ELEM     REF ANGLE           AO        CC1B         C1B
   1      19.95429      6.39040     33.71739     0.34348
   2      19.86287      6.29898     31.31394     0.33857
   3      19.77144      6.20755     28.96626     0.33366
   4      19.68002      6.11613     26.67434     0.32874
   5      19.58860      6.02471     24.43818     0.32383
   6      19.50026      5.93637     23.29297     0.31908
   7      19.41238      5.84849     22.31940     0.31436
   8      19.32449      5.76060     21.36473     0.30963
   9      19.23660      5.67271     20.42895     0.30491
  10      19.14872      5.58483     19.51207     0.30018
  11      19.06083      5.49694     18.61408     0.29546
  12       3.88195     -9.68194    -31.74479    -0.52040
  13       3.64878     -9.91511    -31.44341    -0.53294
  14       3.41561    -10.14828    -31.09190    -0.54547
  15       3.18244    -10.38145    -30.69025    -0.55800
  16       2.94927    -10.61462    -30.23848    -0.57054
  17       2.71610    -10.84779    -29.73657    -0.58307
  18       2.48293    -11.08096    -29.18453    -0.59560
  19       2.24976    -11.31413    -28.58236    -0.60813
  20       2.01659    -11.54730    -27.93005    -0.62067
BCHECK = -9.6477615e-17

STALL CALCULATIONS
WING STALL CL = 1.9100000
ELEM          YE   ELEMENT CLMAX    CL AT STALL
   1     5.02500        2.494434       2.115196
   2    15.07500        2.481900       2.158216
   3    25.12500        2.469367       2.205171
   4    35.17500        2.456833       2.256848
   5    45.22500        2.444300       2.314249
   6    55.27500        2.445692       2.330293
   7    65.32500        2.449109       2.337554
   8    75.37500        2.452525       2.342071
   9    85.42500        2.455941       2.343379
  10    95.47500        2.459357       2.340892
  11   105.52500        2.462773       2.333868
  12   115.57500        1.500203       1.510208
  13   125.62500        1.494961       1.483126
  14   135.67500        1.489718       1.447597
  15   145.72500        1.484475       1.401265
  16   155.77500        1.479233       1.340702
  17   165.82500        1.473990       1.260584
  18   175.87500        1.468747       1.151738
  19   185.92500        1.463505       0.995202
  20   195.97500        1.458262       0.730331

WING AERO COEFFICIENT DISTRIBUTIONS
METHOD = AIRLOADS.BAS
TAU = 0.05000000
GC = 1.00000000  SBA = 3.63070 DEG
SPANWISE DISTRIBUTIONS FOR CL = 1.911164
ELEM          CL         CDI         CPD          CD          CM
   1    2.115196    0.386968    0.040000    0.426968   -0.450000
   2    2.158216    0.376321    0.040000    0.416321   -0.450000
   3    2.205171    0.364181    0.040000    0.404181   -0.450000
   4    2.256848    0.350181    0.040000    0.390181   -0.450000
   5    2.314249    0.333829    0.040000    0.373829   -0.450000
   6    2.330293    0.326481    0.040000    0.366481   -0.450000
   7    2.337554    0.321158    0.040000    0.361158   -0.450000
   8    2.342071    0.316468    0.040000    0.356468   -0.450000
   9    2.343379    0.312553    0.040000    0.352553   -0.450000
  10    2.340892    0.309576    0.040000    0.349576   -0.450000
  11    2.333868    0.307729    0.040000    0.347729   -0.450000
  12    1.510208    0.001009    0.010000    0.011009   -0.030000
  13    1.483126    0.001476    0.010000    0.011476   -0.030000
  14    1.447597    0.003900    0.010000    0.013900   -0.030000
  15    1.401265    0.008613    0.010000    0.018613   -0.030000
  16    1.340702    0.015967    0.010000    0.025967   -0.030000
  17    1.260584    0.026279    0.010000    0.036279   -0.030000
  18    1.151738    0.039675    0.010000    0.049675   -0.030000
  19    0.995202    0.055524    0.010000    0.065524   -0.030000
  20    0.730331    0.069179    0.010000    0.079179   -0.030000
ALPHA = 23.7686742
ANRW2WL = 10.2047840
CL(WING) = 1.9111644
CD(WING) = 0.2547904
CM(WING) = -0.3326504

AIRPLANE LESS TAIL AERO COEFFICIENTS
ANGLE(RW TO WL)  CL(WING)  CD(WING)  CD(F+T)  CD(A/P)  CM(WING)  CM(FUS)  CM(W+F)
      -19.78606  -0.50030   0.07227  0.01658  0.08885  -0.33265 -0.02947  -0.36212
      -18.54162  -0.40024   0.06744  0.01658  0.08401  -0.33265 -0.02434  -0.35699
      -17.29719  -0.30018   0.06368  0.01658  0.08025  -0.33265 -0.01920  -0.35185
      -16.05276  -0.20012   0.06099  0.01658  0.07757  -0.33265 -0.01406  -0.34671
      -14.80832  -0.10006   0.05938  0.01658  0.07595  -0.33265 -0.00893  -0.34158
      -13.56389  -0.00000   0.05884  0.01658  0.07542  -0.33265 -0.00379  -0.33644
      -12.31946   0.10006   0.05938  0.01658  0.07595  -0.33265  0.00135  -0.33130
      -11.07502   0.20012   0.06099  0.01658  0.07757  -0.33265  0.00648  -0.32617
       -9.83059   0.30018   0.06368  0.01658  0.08025  -0.33265  0.01162  -0.32103
       -8.58616   0.40024   0.06744  0.01658  0.08401  -0.33265  0.01676  -0.31589
       -7.34172   0.50030   0.07227  0.01658  0.08885  -0.33265  0.02189  -0.31076
       -6.09729   0.60037   0.07818  0.01658  0.09475  -0.33265  0.02703  -0.30562
       -4.85286   0.70043   0.08516  0.01658  0.10174  -0.33265  0.03217  -0.30048
       -3.60842   0.80049   0.09322  0.01658  0.10979  -0.33265  0.03730  -0.29535
       -2.36399   0.90055   0.10235  0.01658  0.11892  -0.33265  0.04244  -0.29021
       -1.11956   1.00061   0.11255  0.01658  0.12913  -0.33265  0.04758  -0.28507
        0.12488   1.10067   0.12383  0.01658  0.14041  -0.33265  0.05271  -0.27994
        1.36931   1.20073   0.13619  0.01658  0.15276  -0.33265  0.05785  -0.27480
        2.61374   1.30079   0.14962  0.01658  0.16619  -0.33265  0.06299  -0.26966
        3.85817   1.40085   0.16412  0.01658  0.18069  -0.33265  0.06812  -0.26453
        5.10261   1.50091   0.17969  0.01658  0.19627  -0.33265  0.07326  -0.25939
        6.34704   1.60098   0.19635  0.01658  0.21292  -0.33265  0.07840  -0.25425
        7.59147   1.70104   0.21407  0.01658  0.23065  -0.33265  0.08353  -0.24912

EQUATIONS FOR AERO COEFFICIENTS FOR AIRPLANE LESS TAIL
CL=+1.089965+0.080358*ANGLE(RW TO WL)
CD=+0.075418-0.000000*CL+0.053647*CL^2+0.000000*CL^3-0.000000*CL^4
CM=-0.280452+0.004128*ANGLE(RW TO WL)


